image: simple_map.pgm
resolution: 0.250000000
origin: [-0.125000,-0.125000, 0.000000]
negate: 0
occupied_thresh: 0.65
free_thresh: 0.196

