image: AK220Map.pgm
resolution: 1.000000
origin: [000000, 000000, 0.000000]
negate: 0
occupied_thresh: 0.65
free_thresh: 0.196

